# Camera matrix (Intrinsic Parameters: focal length and optical centers): 
437.2052 0.0000  242.0841
0.0000  446.6256 322.1549
0.0000  0.0000  1.0000 

# Distortion coefficients: 
-0.1945 0.8438  0.0479  0.0101  -1.0568

# Rotation Vectors (extrinsic parameters): 
0.9717  0.4619  0.4332 
1.2580  0.0170  1.3048 
-1.0976 -0.1048 0.0160 
0.5384  0.4854  0.2247 
-0.0953 -1.0404 1.2637 
-1.0001 -0.2542 -0.3900
0.0460  -0.9332 1.3466 
0.5517  -0.1544 0.0827 
0.5550  0.2551  0.1666 
0.5792  0.0561  0.1236 
-1.0431 -0.2086 -0.2106
-1.0311 -0.1793 -0.1042
1.2173  0.0189  1.4086 
0.5704  0.7578  0.1858 
1.2034  -0.0993 0.5970 
0.3866  0.7375  0.5136 
0.6130  0.5571  0.2672 
0.2763  0.6988  0.0394 
0.5474  0.8824  0.3550 
0.4117  1.2394  0.4752 
0.9623  0.2091  1.3091 
0.9961  0.0690  0.9695 
0.5184  1.0358  0.4012 

# Translation Vectors (extrinsic parameters): 
-0.1844 -4.1952 12.7069
0.9971  -7.4884 10.0068
-2.9093 1.3378  14.6101
0.8544  -3.9232 14.5570
-1.7828 -3.7131 14.2587
-2.9383 1.2959  14.5403
-1.0942 -3.8567 13.9531
-2.2372 -4.2186 13.5866
-0.4114 -3.8672 14.0838
-1.3538 -4.0826 13.7288
-3.0098 1.3681  13.4306
-2.8871 0.5158  13.9238
1.2938  -8.3734 12.5077
-0.6648 -8.7784 14.9901
-1.5442 -7.0040 12.1033
0.1045  -9.1481 16.9697
-0.6556 -5.9276 13.4422
-1.9553 -6.3136 25.0324
0.1123  -5.7067 13.2257
1.0206  -4.5286 10.4397
-0.0645 -6.1979 18.4053
-0.9715 -6.4946 15.6860
0.5002  -4.7671 12.9283

# Mean error (how accurate are the parameters?): 0.4717182234834503