# Camera matrix (includes focal length and optical centers): 
404.7797 0.0000  265.5773
0.0000  417.2593 233.3487
0.0000  0.0000  1.0000 

# Distortion coefficients (intrinsic parameters): 
0.4885  -3.0033 0.0120  0.0203  4.3558 

# Rotation Vectors (extrinsic parameters): 
0.4246  0.4581  0.2170 
0.3513  0.8165  0.2747 
0.3212  0.9865  0.3078 
0.7827  0.4113  0.3999 
0.2172  1.2108  0.3629 
0.4501  -0.0112 0.1290 
0.4185  -0.1993 0.1058 
0.4162  0.1628  0.1546 
0.3583  0.3899  0.1955 
-0.2700 -0.9582 1.3537 
-0.1262 -0.8459 1.4261 
-1.2141 -0.3449 -0.4040
-1.2542 -0.2625 -0.2351
-1.2548 -0.2345 -0.1279
-1.3102 -0.1293 -0.0196
0.0867  0.5977  -0.0323
0.7321  0.2451  1.2810 
0.7735  0.0584  0.9556 
1.0068  -0.1287 0.6041 
0.1563  0.6910  0.4386 
0.3729  0.6724  0.1122 
1.0018  0.0811  1.3964 
1.0549  0.0446  1.2915 

# Translation Vectors (extrinsic parameters): 
-1.4532 -3.0516 13.7285
-0.6500 -2.9103 13.6518
-0.2190 -2.0582 13.2712
-0.9023 -1.5050 12.5516
0.4725  -2.3274 10.9063
-2.1080 -1.1732 13.1915
-3.0018 -1.3203 13.2343
-1.1934 -0.9165 13.5970
0.0721  -0.8901 14.5141
-2.7088 -0.7269 14.4741
-1.9757 -0.9354 14.1440
-3.7428 4.1448  13.6422
-3.7553 4.0084  12.5591
-3.6674 3.2898  13.2073
-3.7183 4.2087  13.7063
-3.4685 -1.1139 24.9925
-1.1374 -2.3429 18.7254
-1.9125 -3.1478 16.0594
-2.2506 -4.2269 12.2359
-0.8815 -5.4918 17.7692
-1.5644 -5.4986 15.6242
0.5960  -5.5403 13.0346
0.4323  -5.1721 10.5789
